971437-9713566495-5664813810-8137813810-8137132995-1329566495-5664566495-5664105833-1058566495-5664105833-1058886585-8865566495-5664971437-9713566495-5664105833-1058566495-5664105833-10581015873-1015402201-4021727554-7275727554-7275817309-8172886585-8865402201-4021886585-8865105833-1058817309-8172132995-1329
928353536363636336737272
928373353536277282837363
9742424727248746463737373
910964321124567634224526535
727265262828373635367383828
10092272636356381872625252
1092725352626422222425363635
191725242526738384847474747
3773543222242537433527272872
